0 177 150 454 324 
1 141 147 475 329 
2 141 146 474 329 
3 142 146 473 333 
4 145 144 468 334 
5 43 124 483 356 
6 40 127 485 352 
7 41 127 485 353 
8 39 125 487 355 
9 48 115 471 365 
10 85 103 455 366 
11 74 93 482 385 
12 75 92 483 388 
13 76 98 483 376 
14 83 104 501 367 
15 91 107 476 367 363 265 54 50 
16 149 106 452 367 410 266 51 51 
17 224 97 415 366 496 266 69 53 
18 312 90 322 381 1 89 208 391 
19 0 121 324 359 369 83 271 389 
20 0 104 345 371 373 73 266 399 
21 0 111 422 359 411 72 229 408 
22 26 107 392 365 417 69 223 404 
23 13 104 414 372 422 63 218 411 
24 7 104 427 374 428 62 212 406 
25 6 104 427 374 468 63 169 417 
26 5 103 430 375 417 70 223 407 
27 5 103 430 376 465 57 173 423 
28 3 103 433 376 464 58 175 422 
29 0 102 437 378 465 51 173 429 
30 0 102 436 378 465 57 174 423 
31 0 104 435 375 465 55 173 424 
32 0 101 430 378 461 289 179 188 
33 0 88 422 388 429 46 209 434 
34 0 82 417 397 423 61 215 410 
35 0 79 379 395 418 62 222 412 
36 6 76 407 404 422 70 218 402 271 288 107 186 
37 10 91 400 376 466 59 169 418 216 240 96 135 
38 5 92 398 373 466 59 170 417 216 238 98 137 
39 2 87 408 383 470 59 167 416 227 233 103 144 
40 3 95 410 367 470 57 166 418 235 230 105 145 
41 1 90 413 372 471 60 164 416 248 223 108 199 
42 0 89 413 378 474 56 163 422 248 222 109 157 
43 0 79 416 394 474 54 163 423 
44 0 77 418 397 473 55 164 422 252 224 108 202 
45 3 77 413 391 474 56 163 421 
46 0 78 420 386 475 55 163 423 261 221 99 206 
47 1 75 412 404 477 52 161 427 
48 0 77 379 397 483 58 157 421 
49 0 80 389 399 481 58 159 421 
50 0 95 373 375 422 60 218 418 
51 0 95 376 377 422 54 218 426 
52 0 103 464 357 246 259 116 212 247 264 118 216 478 311 162 163 
53 2 118 432 331 195 226 128 247 410 68 230 409 
54 1 118 418 333 413 69 227 408 191 239 128 233 
55 1 118 422 328 195 224 114 241 413 73 227 403 
56 0 120 427 327 193 221 112 245 411 68 229 409 
57 0 121 427 328 194 201 113 254 411 70 229 407 
58 9 113 407 342 411 72 229 404 194 216 127 257 
59 0 106 427 341 412 70 228 407 198 220 117 216 
60 6 84 417 367 202 210 123 216 410 69 230 406 
61 6 65 418 404 207 189 117 235 409 70 231 404 
62 5 57 410 419 203 178 111 252 413 70 227 403 
63 0 91 364 376 403 72 237 401 105 172 144 283 
64 36 101 347 363 409 71 231 405 102 222 112 233 
65 26 100 395 360 411 66 229 412 118 215 118 223 
66 20 87 418 369 418 70 222 409 105 227 115 228 
67 34 78 391 385 417 70 223 408 95 227 113 236 
68 20 59 406 419 415 73 225 404 42 240 137 232 48 249 128 216 
69 0 72 420 399 421 68 219 409 
70 0 57 430 423 390 231 161 230 
71 0 49 427 431 483 166 141 300 
72 0 57 317 420 508 99 132 359 534 174 104 261 532 181 107 210 
73 0 72 352 397 497 102 142 358 
74 0 50 436 426 530 129 107 277 
75 0 51 435 424 536 142 99 251 513 32 124 417 
76 0 54 426 417 
77 0 54 425 417 490 142 143 283 
78 0 56 429 413 273 21 367 455 397 209 178 234 
79 0 57 440 410 277 31 363 435 392 215 185 221 391 212 185 261 
80 0 63 436 400 281 24 359 442 392 214 191 266 403 206 203 236 
81 0 59 446 406 278 27 362 435 395 223 182 254 
82 0 61 426 404 278 26 362 450 394 217 179 259 
83 0 63 433 401 285 38 355 423 
84 0 64 429 399 286 33 354 429 
85 0 63 431 401 286 29 354 441 
86 0 64 432 400 288 34 352 429 
87 0 66 414 398 425 304 213 175 
88 0 63 415 401 480 221 156 256 
89 0 64 415 400 429 49 208 428 
90 0 93 417 382 426 54 212 420 
91 2 135 375 345 398 40 235 440 
92 0 135 539 345 302 44 338 408 
93 0 138 545 342 308 44 332 413 
94 0 138 424 338 301 43 339 416 
95 0 139 556 341 303 46 337 410 
96 0 137 431 340 304 45 336 414 
97 0 138 420 338 305 47 335 411 
98 0 137 422 341 307 48 333 409 
99 0 136 424 342 308 50 332 405 
100 0 141 563 339 299 42 341 417 
101 19 161 617 313 271 35 369 433 
102 19 141 606 339 270 37 370 427 
103 20 146 604 334 265 44 375 416 
104 23 153 592 326 275 40 365 424 
105 7 134 517 346 284 40 356 421 
106 28 138 584 340 273 38 367 426 
107 12 134 628 340 288 37 352 413 
